1111111111111111111111111111111111111111
13  1                                  1
1   1                                  1
1   1    2                             1
1   1    2                             1
1        2      1      1111            1
1        2      1         2            1
1        2      1         2        1   1
1     2  2      1         2        1   1
1     2  2                2        1   1
1     2  2                2        12  1
1     2112             1112            1
1                                      1
1                              11111   1
1                              2       1
1               2              2       1
1       222222222              2       1
1               2              2       1
1           12222              21111   1
1           1                          1
1           1                 2        1
1           1                 2        1
1        2221                 2        1
1           2                 2        1
1           2                          1
1           2                      1   1
1                                  1   1
1                                  1 4 1
1                                  1   1
1111111111111111111111111111111111111111